--------------------------------------------------------
Input Layer
--------------------------------------------------------
Node Values:
0 = 0.7
1 = 0.7
2 = 0.7
3 = 0.2
4 = 0.5
5 = 0.5
6 = 0.5
7 = 0.5
8 = 0
9 = 0.5
10 = 0
11 = 0
12 = 0
13 = 1
14 = 0

Weights:
(0, 0) = 0.341911
(0, 1) = 0.4370416
(0, 2) = -1.591729
(0, 3) = -0.3284218
(0, 4) = 0.2844433
(0, 5) = 0.6301361
(0, 6) = 0.1125833
(0, 7) = -0.7404845
(0, 8) = -1.406384
(0, 9) = -0.2306614
(0, 10) = 1.044321
(0, 11) = 0.7279056
(0, 12) = 0.7023541
(0, 13) = 0.7254947
(0, 14) = 1.051509
(0, 15) = -1.942654
(0, 16) = 0.3705249
(0, 17) = 0.3257592
(0, 18) = -0.03244481
(0, 19) = 1.066276
(0, 20) = -0.9161463
(0, 21) = -0.5800474
(0, 22) = 0.120762
(0, 23) = -1.507963
(0, 24) = -0.6073117
(0, 25) = 0.8342427
(0, 26) = -1.942768
(0, 27) = -1.049947
(0, 28) = 0.3372268
(0, 29) = -0.1312073
(0, 30) = -1.179136
(0, 31) = 0.6452261
(0, 32) = 0.5347387
(0, 33) = -0.3720194
(0, 34) = -0.6258588
(0, 35) = 3.343594
(1, 0) = -0.6940632
(1, 1) = 0.589325
(1, 2) = -0.3344589
(1, 3) = -0.4228983
(1, 4) = -1.691666
(1, 5) = 0.2851039
(1, 6) = -0.3910802
(1, 7) = 0.04176557
(1, 8) = -0.6028684
(1, 9) = -1.963699
(1, 10) = -1.577371
(1, 11) = 0.563162
(1, 12) = -1.041927
(1, 13) = -0.6235391
(1, 14) = -2.059903
(1, 15) = 0.8976802
(1, 16) = 1.231093
(1, 17) = -0.2756812
(1, 18) = -0.895968
(1, 19) = -0.05105583
(1, 20) = -0.7046244
(1, 21) = -0.5493903
(1, 22) = 0.921209
(1, 23) = -0.111595
(1, 24) = 0.742327
(1, 25) = 0.645268
(1, 26) = 0.6263513
(1, 27) = -0.5869842
(1, 28) = 1.914646
(1, 29) = -1.467752
(1, 30) = 0.5099593
(1, 31) = -1.656451
(1, 32) = -1.591618
(1, 33) = -0.8351579
(1, 34) = -0.8047719
(1, 35) = -1.098426
(2, 0) = -0.2471847
(2, 1) = 2.200822
(2, 2) = -2.447873
(2, 3) = 1.175372
(2, 4) = 0.1249614
(2, 5) = -1.432142
(2, 6) = -0.513694
(2, 7) = -1.14637
(2, 8) = -0.05756761
(2, 9) = -1.60492
(2, 10) = -4.477212
(2, 11) = 0.3288244
(2, 12) = -1.220406
(2, 13) = -0.0791374
(2, 14) = 0.6437489
(2, 15) = -0.5427994
(2, 16) = 2.555808
(2, 17) = -0.1593337
(2, 18) = -0.1365758
(2, 19) = -0.2798246
(2, 20) = -0.6648027
(2, 21) = 0.707886
(2, 22) = -0.5404313
(2, 23) = 0.7884935
(2, 24) = 0.4345984
(2, 25) = 0.8215854
(2, 26) = -0.1037396
(2, 27) = -1.098848
(2, 28) = -0.8783111
(2, 29) = 1.234074
(2, 30) = -0.7748415
(2, 31) = 1.959738
(2, 32) = 0.9739569
(2, 33) = -0.6896044
(2, 34) = -0.1758254
(2, 35) = -3.006371
(3, 0) = -0.8327612
(3, 1) = -1.621254
(3, 2) = 1.217854
(3, 3) = -1.845946
(3, 4) = 0.06263985
(3, 5) = 1.209045
(3, 6) = -0.9424111
(3, 7) = 0.731805
(3, 8) = 1.267585
(3, 9) = 1.192524
(3, 10) = -2.020458
(3, 11) = -1.069866
(3, 12) = -1.140757
(3, 13) = 1.050583
(3, 14) = 0.236963
(3, 15) = -0.49435
(3, 16) = -0.7362872
(3, 17) = 0.5939843
(3, 18) = 0.7504488
(3, 19) = -3.175917
(3, 20) = 0.3431118
(3, 21) = -0.625944
(3, 22) = 0.03626584
(3, 23) = 0.3184614
(3, 24) = -0.6182374
(3, 25) = -2.654418
(3, 26) = 0.6069344
(3, 27) = 0.9265163
(3, 28) = -0.4089132
(3, 29) = -1.459227
(3, 30) = -0.4368725
(3, 31) = -1.335515
(3, 32) = -0.8960972
(3, 33) = -0.8758594
(3, 34) = -0.3993969
(3, 35) = -0.5244635
(4, 0) = 0.1740611
(4, 1) = -3.060019
(4, 2) = 1.271751
(4, 3) = -0.01250389
(4, 4) = 0.3326888
(4, 5) = 0.765422
(4, 6) = -0.6619128
(4, 7) = -0.8529234
(4, 8) = 1.161933
(4, 9) = 3.1682
(4, 10) = 1.092485
(4, 11) = 2.585133
(4, 12) = -0.7898711
(4, 13) = 0.520445
(4, 14) = 0.1960139
(4, 15) = 0.1625772
(4, 16) = -1.902174
(4, 17) = 0.5615003
(4, 18) = -1.433481
(4, 19) = 0.464669
(4, 20) = 0.093984
(4, 21) = 0.7933586
(4, 22) = -1.06945
(4, 23) = -0.1769281
(4, 24) = -1.188476
(4, 25) = -0.5528815
(4, 26) = -0.8218994
(4, 27) = 0.6344859
(4, 28) = 0.2337379
(4, 29) = -0.04070006
(4, 30) = 0.4197654
(4, 31) = 0.2142342
(4, 32) = -0.5063207
(4, 33) = -0.553185
(4, 34) = 0.2933897
(4, 35) = 1.511051
(5, 0) = 0.03124617
(5, 1) = -1.388588
(5, 2) = -0.3317316
(5, 3) = -0.6426892
(5, 4) = 0.9986915
(5, 5) = -2.574808
(5, 6) = -0.8136892
(5, 7) = 2.247032
(5, 8) = -1.627131
(5, 9) = 0.1223261
(5, 10) = 0.5758017
(5, 11) = -0.6115066
(5, 12) = 0.1530151
(5, 13) = -4.929768
(5, 14) = -0.2696386
(5, 15) = 4.958108
(5, 16) = -1.140167
(5, 17) = 0.365146
(5, 18) = 0.6493456
(5, 19) = -0.7841181
(5, 20) = -0.5710498
(5, 21) = -0.2565653
(5, 22) = -1.922726
(5, 23) = -0.4008136
(5, 24) = 4.249392
(5, 25) = 0.4218211
(5, 26) = 2.07014
(5, 27) = 0.5347805
(5, 28) = -0.2290443
(5, 29) = 1.742539
(5, 30) = -0.6495763
(5, 31) = 0.5939677
(5, 32) = 0.07433749
(5, 33) = -0.8573602
(5, 34) = -0.5421707
(5, 35) = -1.081536
(6, 0) = -1.282198
(6, 1) = -0.1151496
(6, 2) = -0.8911437
(6, 3) = -1.242809
(6, 4) = -1.066167
(6, 5) = 0.3252288
(6, 6) = -1.246
(6, 7) = -0.003228495
(6, 8) = -0.6687137
(6, 9) = -0.1883653
(6, 10) = -1.073647
(6, 11) = -0.1034951
(6, 12) = -1.11687
(6, 13) = -0.2712874
(6, 14) = 0.9215589
(6, 15) = 0.296005
(6, 16) = 0.446894
(6, 17) = -0.6504141
(6, 18) = 0.02176714
(6, 19) = -1.550223
(6, 20) = -0.8685509
(6, 21) = -0.6200487
(6, 22) = -1.093507
(6, 23) = -3.03148
(6, 24) = -0.4645928
(6, 25) = -1.349357
(6, 26) = 0.09085758
(6, 27) = -0.9705407
(6, 28) = -2.305061
(6, 29) = 0.1559666
(6, 30) = 3.347441
(6, 31) = 6.841753
(6, 32) = -0.8300325
(6, 33) = -1.047933
(6, 34) = -0.7832311
(6, 35) = -2.558349
(7, 0) = 0.4839407
(7, 1) = 0.8757387
(7, 2) = -0.5152911
(7, 3) = 1.545731
(7, 4) = 0.8688708
(7, 5) = -1.230179
(7, 6) = -0.6487616
(7, 7) = -1.111044
(7, 8) = 0.4061455
(7, 9) = 1.153576
(7, 10) = 0.4615485
(7, 11) = -0.1108367
(7, 12) = -0.5838812
(7, 13) = -2.729331
(7, 14) = 1.649238
(7, 15) = -2.192663
(7, 16) = 0.6275674
(7, 17) = 0.4214003
(7, 18) = 0.2364721
(7, 19) = 0.5012465
(7, 20) = -0.7955541
(7, 21) = -0.1640901
(7, 22) = 8.016829
(7, 23) = 0.5244761
(7, 24) = 0.5265122
(7, 25) = -0.2823363
(7, 26) = 0.2052555
(7, 27) = -0.1735114
(7, 28) = -1.435164
(7, 29) = -4.412712
(7, 30) = -0.3914984
(7, 31) = 0.9520345
(7, 32) = 1.015103
(7, 33) = -0.2105773
(7, 34) = 1.044983
(7, 35) = 5.695564
(8, 0) = -0.9171464
(8, 1) = -1.334748
(8, 2) = 0.08007632
(8, 3) = -0.7242491
(8, 4) = -0.8508959
(8, 5) = 1.833634
(8, 6) = -0.1454079
(8, 7) = -2.117216
(8, 8) = -0.05238824
(8, 9) = -2.182359
(8, 10) = 0.2229366
(8, 11) = -0.04246605
(8, 12) = 0.4899812
(8, 13) = 1.371485
(8, 14) = -1.74838
(8, 15) = 0.002164737
(8, 16) = -4.308026
(8, 17) = 0.2657501
(8, 18) = 2.602612
(8, 19) = 6.895095
(8, 20) = 0.5955451
(8, 21) = -0.1982546
(8, 22) = 0.8152798
(8, 23) = -0.9427553
(8, 24) = 0.8004089
(8, 25) = 2.406687
(8, 26) = 0.5072691
(8, 27) = -4.548517
(8, 28) = -0.7213921
(8, 29) = -0.7028881
(8, 30) = -0.8143386
(8, 31) = -1.973551
(8, 32) = 0.2067686
(8, 33) = -1.411096
(8, 34) = 0.3492505
(8, 35) = -0.1604206
(9, 0) = 0.740213
(9, 1) = -0.3312707
(9, 2) = 0.6012636
(9, 3) = 1.061983
(9, 4) = -1.411404
(9, 5) = -0.4647361
(9, 6) = -0.4518805
(9, 7) = 3.195362
(9, 8) = -0.4297895
(9, 9) = -2.360114
(9, 10) = 0.1550572
(9, 11) = -6.462541
(9, 12) = 0.00462018
(9, 13) = 0.1051387
(9, 14) = -0.9577382
(9, 15) = 0.9560412
(9, 16) = 0.6975275
(9, 17) = 1.491257
(9, 18) = -1.355502
(9, 19) = -0.2014862
(9, 20) = 0.05354538
(9, 21) = -1.411308
(9, 22) = -0.2255572
(9, 23) = -0.8860906
(9, 24) = -0.5316978
(9, 25) = 3.05935
(9, 26) = 0.2053368
(9, 27) = 0.552389
(9, 28) = 0.01828918
(9, 29) = 1.941404
(9, 30) = -2.657229
(9, 31) = -1.178453
(9, 32) = 2.343716
(9, 33) = -1.02532
(9, 34) = -0.01512355
(9, 35) = 0.07664487
(10, 0) = -1.285335
(10, 1) = 0.6196181
(10, 2) = -0.621575
(10, 3) = -0.04604992
(10, 4) = -0.1943851
(10, 5) = 0.5806547
(10, 6) = 0.4039045
(10, 7) = 1.116084
(10, 8) = -0.3735387
(10, 9) = -0.002102226
(10, 10) = -0.7985259
(10, 11) = -0.3048547
(10, 12) = -0.5954766
(10, 13) = 0.931347
(10, 14) = 0.9472061
(10, 15) = 0.1068599
(10, 16) = -0.7448153
(10, 17) = -0.5631476
(10, 18) = 1.353468
(10, 19) = 1.105137
(10, 20) = 1.012184
(10, 21) = -0.126873
(10, 22) = -0.08556666
(10, 23) = -0.6350781
(10, 24) = 1.454538
(10, 25) = 0.790291
(10, 26) = -1.155261
(10, 27) = -0.6855108
(10, 28) = 1.165559
(10, 29) = 0.016984
(10, 30) = 0.5760085
(10, 31) = 1.60416
(10, 32) = 1.08329
(10, 33) = 0.1704175
(10, 34) = -0.2227082
(10, 35) = 1.860736
(11, 0) = 1.643481
(11, 1) = -0.4073617
(11, 2) = -0.540056
(11, 3) = 2.989118
(11, 4) = -1.997398
(11, 5) = -1.593547
(11, 6) = 1.170321
(11, 7) = -1.149392
(11, 8) = 0.5088003
(11, 9) = -1.242962
(11, 10) = -0.09663264
(11, 11) = -0.32999
(11, 12) = 0.6309311
(11, 13) = 1.211185
(11, 14) = 0.4168703
(11, 15) = -0.5912234
(11, 16) = -0.3292625
(11, 17) = 0.570656
(11, 18) = -1.382837
(11, 19) = -2.163946
(11, 20) = 0.8393868
(11, 21) = 1.658069
(11, 22) = -0.5394515
(11, 23) = 0.6139757
(11, 24) = 1.547247
(11, 25) = -0.4017845
(11, 26) = -0.05753946
(11, 27) = -0.2088637
(11, 28) = 1.095489
(11, 29) = -1.58528
(11, 30) = 1.293154
(11, 31) = 1.170208
(11, 32) = -0.09941543
(11, 33) = 0.2890377
(11, 34) = -0.7132379
(11, 35) = -0.3556041
(12, 0) = 0.03568055
(12, 1) = -0.7953973
(12, 2) = -0.3574863
(12, 3) = -0.5001602
(12, 4) = -0.8076481
(12, 5) = -0.6160908
(12, 6) = -0.6604508
(12, 7) = 1.496932
(12, 8) = -0.5778088
(12, 9) = -0.7463084
(12, 10) = 0.6595246
(12, 11) = -0.263169
(12, 12) = 0.1818684
(12, 13) = -0.429998
(12, 14) = -0.5664573
(12, 15) = -0.5497296
(12, 16) = 0.6694365
(12, 17) = -0.3345028
(12, 18) = -0.02676326
(12, 19) = -0.01670783
(12, 20) = -0.05121175
(12, 21) = 0.2139156
(12, 22) = -1.265462
(12, 23) = 0.1445983
(12, 24) = -0.3698231
(12, 25) = 0.8982689
(12, 26) = -0.6610046
(12, 27) = 1.079691
(12, 28) = -0.1819114
(12, 29) = -0.4255092
(12, 30) = 1.138833
(12, 31) = 0.9167287
(12, 32) = 0.5609103
(12, 33) = -0.2512807
(12, 34) = -1.098319
(12, 35) = -0.5363201
(13, 0) = 0.3877128
(13, 1) = 1.537693
(13, 2) = 2.325414
(13, 3) = -0.08477058
(13, 4) = 0.7802746
(13, 5) = 0.6513082
(13, 6) = -0.0830378
(13, 7) = 0.2601418
(13, 8) = 1.379552
(13, 9) = 1.97872
(13, 10) = -2.687219
(13, 11) = 0.1239897
(13, 12) = 0.5764342
(13, 13) = 0.02517053
(13, 14) = -0.2541279
(13, 15) = -0.3631296
(13, 16) = 1.167811
(13, 17) = -0.9338203
(13, 18) = -1.530432
(13, 19) = -1.355008
(13, 20) = -0.7821924
(13, 21) = 0.06259866
(13, 22) = -0.4366893
(13, 23) = -0.08568598
(13, 24) = -0.821113
(13, 25) = -0.5673211
(13, 26) = 0.3193613
(13, 27) = 1.138627
(13, 28) = 0.6844684
(13, 29) = -1.795977
(13, 30) = -0.1241033
(13, 31) = 0.9620662
(13, 32) = 0.2496596
(13, 33) = -0.8640799
(13, 34) = 0.4004821
(13, 35) = -0.4658044
(14, 0) = -0.3719147
(14, 1) = -0.06870805
(14, 2) = 0.5308591
(14, 3) = 0.3640734
(14, 4) = 0.1746477
(14, 5) = 0.6906011
(14, 6) = 0.5636727
(14, 7) = 1.062917
(14, 8) = 0.444957
(14, 9) = -0.9809739
(14, 10) = -0.5884299
(14, 11) = -2.731414
(14, 12) = -1.262407
(14, 13) = 0.05383633
(14, 14) = -0.105014
(14, 15) = 0.3434807
(14, 16) = -4.149974
(14, 17) = 0.5656362
(14, 18) = -0.5208519
(14, 19) = 0.1259323
(14, 20) = 0.7138572
(14, 21) = -0.7931055
(14, 22) = 1.188378
(14, 23) = -0.05869568
(14, 24) = -0.2737548
(14, 25) = 1.128687
(14, 26) = 0.6366948
(14, 27) = -0.6608621
(14, 28) = 1.486948
(14, 29) = 0.4351063
(14, 30) = -1.138829
(14, 31) = -0.4743063
(14, 32) = 1.530973
(14, 33) = -0.05313051
(14, 34) = 0.8302052
(14, 35) = 0.5737825

Bias Weights:
(0) = 0.1440834
(1) = 0.5012444
(2) = 0.7924597
(3) = -0.2335145
(4) = -0.3048176
(5) = 1.02504
(6) = -0.6653491
(7) = 1.239028
(8) = -0.583379
(9) = 1.523182
(10) = -0.50583
(11) = -0.2449742
(12) = -0.1081398
(13) = -0.1580618
(14) = 0.8601089
(15) = -0.6730954
(16) = 0.5844902
(17) = 0.0256387
(18) = 0.5194187
(19) = 0.4731624
(20) = 0.8310609
(21) = 0.5821078
(22) = -0.7617877
(23) = -0.904559
(24) = -0.4961039
(25) = 0.2999152
(26) = -0.5825907
(27) = -0.4715841
(28) = -0.7713672
(29) = 0.2143288
(30) = 0.12476
(31) = 0.8919865
(32) = 0.08106524
(33) = -0.2285307
(34) = 0.2227433
(35) = 0.4237072


--------------------------------------------------------
Hidden Layer
--------------------------------------------------------
Weights:
(0, 0) = -0.01775645
(0, 1) = -1.065627
(0, 2) = -0.8468835
(0, 3) = 0.7877741
(0, 4) = -0.8930184
(1, 0) = -1.86323
(1, 1) = -1.663469
(1, 2) = -1.394509
(1, 3) = 1.399739
(1, 4) = 2.890866
(2, 0) = 1.045201
(2, 1) = 1.280192
(2, 2) = 0.7731836
(2, 3) = -2.099989
(2, 4) = -1.086834
(3, 0) = 2.351749
(3, 1) = 0.03869187
(3, 2) = -1.72283
(3, 3) = 1.680914
(3, 4) = -0.3961761
(4, 0) = -0.1917528
(4, 1) = 2.195899
(4, 2) = -2.106924
(4, 3) = -1.301378
(4, 4) = -0.04624396
(5, 0) = -1.803287
(5, 1) = 0.7934617
(5, 2) = 1.065922
(5, 3) = -2.212089
(5, 4) = 0.1801422
(6, 0) = -1.086334
(6, 1) = -1.16129
(6, 2) = 0.09751812
(6, 3) = 1.42033
(6, 4) = 1.316576
(7, 0) = -2.641928
(7, 1) = 0.3636957
(7, 2) = 0.7315086
(7, 3) = -0.743102
(7, 4) = -2.53901
(8, 0) = 1.028959
(8, 1) = -0.7330523
(8, 2) = -1.045251
(8, 3) = -1.427187
(8, 4) = -0.8959434
(9, 0) = 0.3147936
(9, 1) = 3.974802
(9, 2) = -0.2938752
(9, 3) = -1.35329
(9, 4) = -2.376315
(10, 0) = 0.08825146
(10, 1) = -2.077999
(10, 2) = -1.585798
(10, 3) = 2.264909
(10, 4) = 3.704867
(11, 0) = -0.2081163
(11, 1) = -0.0003142125
(11, 2) = 0.3509103
(11, 3) = 1.370414
(11, 4) = -5.757795
(12, 0) = -0.7060689
(12, 1) = -0.549569
(12, 2) = -0.0666317
(12, 3) = 0.03457273
(12, 4) = 1.665039
(13, 0) = -4.015589
(13, 1) = 1.758234
(13, 2) = -0.02034717
(13, 3) = 0.1160762
(13, 4) = 1.139393
(14, 0) = -1.097244
(14, 1) = 1.300862
(14, 2) = -2.054412
(14, 3) = -0.4617617
(14, 4) = 0.06282153
(15, 0) = 3.1156
(15, 1) = -2.547316
(15, 2) = 0.6032819
(15, 3) = -0.4382383
(15, 4) = -0.2034993
(16, 0) = 0.3840048
(16, 1) = 0.9738011
(16, 2) = 0.01018526
(16, 3) = -2.491102
(16, 4) = 3.84634
(17, 0) = 0.4509125
(17, 1) = 1.30273
(17, 2) = 0.06586353
(17, 3) = -0.9587895
(17, 4) = 0.4530646
(18, 0) = -0.6821396
(18, 1) = 2.421461
(18, 2) = 1.291766
(18, 3) = -1.279322
(18, 4) = 1.330419
(19, 0) = -0.3406313
(19, 1) = 0.6170437
(19, 2) = -3.627592
(19, 3) = 5.084959
(19, 4) = -0.948402
(20, 0) = -0.4275478
(20, 1) = -0.8717882
(20, 2) = -0.4123423
(20, 3) = -0.2269299
(20, 4) = 0.7836737
(21, 0) = 0.3710994
(21, 1) = -0.3870539
(21, 2) = 0.1235581
(21, 3) = 0.4207595
(21, 4) = -0.9105371
(22, 0) = -0.4882205
(22, 1) = -3.602263
(22, 2) = 5.541199
(22, 3) = 0.7956737
(22, 4) = -1.462931
(23, 0) = 0.4993714
(23, 1) = -2.241588
(23, 2) = -1.542451
(23, 3) = 0.4312564
(23, 4) = -0.4455463
(24, 0) = 2.428526
(24, 1) = -1.853225
(24, 2) = -0.8874553
(24, 3) = -1.277837
(24, 4) = -0.005631182
(25, 0) = -1.091798
(25, 1) = -0.7426032
(25, 2) = -1.577531
(25, 3) = 0.7174093
(25, 4) = 2.247961
(26, 0) = 1.735242
(26, 1) = -0.2113578
(26, 2) = 0.3839551
(26, 3) = -1.102228
(26, 4) = 0.7638821
(27, 0) = 1.054323
(27, 1) = 0.4801879
(27, 2) = 1.83736
(27, 3) = -2.988827
(27, 4) = -0.9559846
(28, 0) = -0.9262691
(28, 1) = -2.587657
(28, 2) = 0.1994496
(28, 3) = -0.1331755
(28, 4) = -0.3575617
(29, 0) = -1.248819
(29, 1) = 2.725034
(29, 2) = -2.057249
(29, 3) = 2.461409
(29, 4) = -1.437938
(30, 0) = 1.868229
(30, 1) = -2.207824
(30, 2) = 0.5900745
(30, 3) = 0.8927823
(30, 4) = -1.311269
(31, 0) = -3.73123
(31, 1) = 5.045685
(31, 2) = -2.737777
(31, 3) = -0.3268375
(31, 4) = -1.376286
(32, 0) = 0.3453029
(32, 1) = 1.296508
(32, 2) = -1.680458
(32, 3) = -0.6366844
(32, 4) = 1.5301
(33, 0) = 0.1804755
(33, 1) = 0.1986733
(33, 2) = 0.6037431
(33, 3) = -0.3409995
(33, 4) = -0.1704199
(34, 0) = 0.4171982
(34, 1) = 0.2110146
(34, 2) = -1.658053
(34, 3) = -0.418561
(34, 4) = 0.8148888
(35, 0) = -3.415776
(35, 1) = 0.2553819
(35, 2) = 4.586374
(35, 3) = -1.863431
(35, 4) = -1.188986

Bias Weights:
(0) = 0.1028673
(1) = 0.6666021
(2) = 0.331104
(3) = -0.4544051
(4) = 0.05739723


--------------------------------------------------------
Output Layer
--------------------------------------------------------
Node Values:
(0) = 0.2151687
(1) = 0.2127518
(2) = 0.1891165
(3) = 0.001762813
(4) = 0.6070794

