--------------------------------------------------------
Input Layer
--------------------------------------------------------
Node Values:
0 = 0
1 = 0
2 = 0
3 = 0
4 = 0
5 = 0
6 = 0
7 = 0
8 = 0
9 = 0
10 = 0
11 = 0
12 = 0
13 = 0
14 = 0

Weights:
(0, 0) = 0.73
(0, 1) = 0.38
(0, 2) = -0.96
(0, 3) = 0.19
(0, 4) = 0.31
(0, 5) = 0.05
(0, 6) = -0.08
(0, 7) = -0.97
(0, 8) = -0.71
(0, 9) = -0.33
(0, 10) = 0.4
(0, 11) = 0.43
(0, 12) = 0.71
(0, 13) = -0.16
(0, 14) = 0.98
(0, 15) = -0.83
(0, 16) = 0.2
(0, 17) = 0.51
(0, 18) = 0
(0, 19) = 0.16
(0, 20) = -0.66
(0, 21) = 0.06
(0, 22) = -0.9
(0, 23) = -0.62
(0, 24) = 0.04
(0, 25) = 0.61
(0, 26) = -0.81
(0, 27) = 0
(0, 28) = 0.38
(0, 29) = -0.88
(0, 30) = -0.57
(0, 31) = 0.23
(0, 32) = 0.83
(0, 33) = -0.05
(0, 34) = -0.66
(0, 35) = 0.57
(1, 0) = -0.83
(1, 1) = 0.89
(1, 2) = -0.53
(1, 3) = -0.04
(1, 4) = -0.56
(1, 5) = 0.4
(1, 6) = -0.36
(1, 7) = 0.35
(1, 8) = -0.88
(1, 9) = -0.98
(1, 10) = -0.15
(1, 11) = 0.06
(1, 12) = -0.81
(1, 13) = -0.36
(1, 14) = -0.79
(1, 15) = 0.38
(1, 16) = 0.43
(1, 17) = 0.08
(1, 18) = -0.21
(1, 19) = 0.59
(1, 20) = -0.51
(1, 21) = -0.39
(1, 22) = 0.4
(1, 23) = -0.24
(1, 24) = 0.81
(1, 25) = 0.16
(1, 26) = 0.39
(1, 27) = -0.52
(1, 28) = 0.79
(1, 29) = -0.69
(1, 30) = 0.18
(1, 31) = -0.78
(1, 32) = -0.58
(1, 33) = -0.69
(1, 34) = -0.69
(1, 35) = -0.92
(2, 0) = -0.13
(2, 1) = -0.18
(2, 2) = -0.8
(2, 3) = 0.32
(2, 4) = -0.37
(2, 5) = 0.01
(2, 6) = 0.47
(2, 7) = -0.86
(2, 8) = 0.62
(2, 9) = -0.34
(2, 10) = -0.85
(2, 11) = -0.3
(2, 12) = -0.67
(2, 13) = -0.28
(2, 14) = 0.9
(2, 15) = -0.19
(2, 16) = -0.03
(2, 17) = 0.03
(2, 18) = -0.96
(2, 19) = -0.61
(2, 20) = -0.33
(2, 21) = 0.84
(2, 22) = -0.3
(2, 23) = 0.47
(2, 24) = 0.65
(2, 25) = 0.16
(2, 26) = 0.23
(2, 27) = 0.42
(2, 28) = 0.28
(2, 29) = 0.41
(2, 30) = -0.53
(2, 31) = 0.7
(2, 32) = 0.57
(2, 33) = -0.53
(2, 34) = -0.25
(2, 35) = -0.71
(3, 0) = -0.46
(3, 1) = -0.3
(3, 2) = 0.42
(3, 3) = -0.49
(3, 4) = -0.22
(3, 5) = 0.1
(3, 6) = 0.07
(3, 7) = -0.18
(3, 8) = 0.59
(3, 9) = 0.83
(3, 10) = -0.93
(3, 11) = -0.59
(3, 12) = -0.87
(3, 13) = 0.6
(3, 14) = 0.6
(3, 15) = -0.92
(3, 16) = 0.1
(3, 17) = 0.74
(3, 18) = 0.64
(3, 19) = -0.36
(3, 20) = 0.53
(3, 21) = -0.68
(3, 22) = 0.16
(3, 23) = 0.64
(3, 24) = -0.42
(3, 25) = -0.85
(3, 26) = 0.08
(3, 27) = -0.6
(3, 28) = -0.76
(3, 29) = -0.61
(3, 30) = -0.78
(3, 31) = -0.87
(3, 32) = 0.15
(3, 33) = -0.91
(3, 34) = -0.29
(3, 35) = 0.47
(4, 0) = 0.4
(4, 1) = -0.87
(4, 2) = 0.1
(4, 3) = 0.03
(4, 4) = 0.01
(4, 5) = -0.1
(4, 6) = -0.1
(4, 7) = -0.97
(4, 8) = 0.13
(4, 9) = 0.65
(4, 10) = 0.49
(4, 11) = 0.88
(4, 12) = 0.08
(4, 13) = 0.07
(4, 14) = 0.5
(4, 15) = 0.41
(4, 16) = -0.37
(4, 17) = 0.73
(4, 18) = -0.27
(4, 19) = 0
(4, 20) = -0.01
(4, 21) = 0.88
(4, 22) = -0.72
(4, 23) = 0.38
(4, 24) = -0.9
(4, 25) = 0.87
(4, 26) = -0.95
(4, 27) = 0.09
(4, 28) = 0.25
(4, 29) = -0.26
(4, 30) = -0.1
(4, 31) = 0.6
(4, 32) = 0.43
(4, 33) = -0.35
(4, 34) = 0.29
(4, 35) = 0.66
(5, 0) = -0.54
(5, 1) = -0.48
(5, 2) = -0.09
(5, 3) = -0.01
(5, 4) = 0.34
(5, 5) = -0.81
(5, 6) = -0.17
(5, 7) = 0.69
(5, 8) = -0.55
(5, 9) = -0.3
(5, 10) = 0.54
(5, 11) = -0.11
(5, 12) = 0.42
(5, 13) = -0.63
(5, 14) = -0.03
(5, 15) = 0.68
(5, 16) = -0.42
(5, 17) = -0.15
(5, 18) = 0.36
(5, 19) = 0.54
(5, 20) = -0.82
(5, 21) = 0.09
(5, 22) = -0.18
(5, 23) = -0.7
(5, 24) = 0.83
(5, 25) = 0.54
(5, 26) = 0.39
(5, 27) = 0.43
(5, 28) = 0.91
(5, 29) = 0.74
(5, 30) = 0.85
(5, 31) = 0.02
(5, 32) = 0.09
(5, 33) = -0.69
(5, 34) = -0.78
(5, 35) = -0.18
(6, 0) = -0.17
(6, 1) = -0.23
(6, 2) = -0.56
(6, 3) = -0.02
(6, 4) = -0.94
(6, 5) = -0.02
(6, 6) = -0.02
(6, 7) = -0.85
(6, 8) = -0.49
(6, 9) = 0.16
(6, 10) = -0.53
(6, 11) = -0.16
(6, 12) = -0.88
(6, 13) = -0.38
(6, 14) = 0.63
(6, 15) = -0.15
(6, 16) = 0.16
(6, 17) = -0.6
(6, 18) = -0.92
(6, 19) = -0.69
(6, 20) = -0.64
(6, 21) = -0.09
(6, 22) = -0.88
(6, 23) = -0.93
(6, 24) = -0.44
(6, 25) = -0.9
(6, 26) = -0.64
(6, 27) = -0.57
(6, 28) = -0.87
(6, 29) = 0.78
(6, 30) = 0.98
(6, 31) = 0.85
(6, 32) = -0.66
(6, 33) = -0.99
(6, 34) = -0.84
(6, 35) = 0.21
(7, 0) = 0.93
(7, 1) = 0.78
(7, 2) = 0.12
(7, 3) = 0.76
(7, 4) = -0.73
(7, 5) = -0.79
(7, 6) = 0.08
(7, 7) = -0.67
(7, 8) = -0.13
(7, 9) = 0.11
(7, 10) = 0.18
(7, 11) = -0.05
(7, 12) = -0.49
(7, 13) = -0.91
(7, 14) = 0.73
(7, 15) = -0.65
(7, 16) = 0.35
(7, 17) = 0.62
(7, 18) = 0.88
(7, 19) = 0.33
(7, 20) = -0.45
(7, 21) = 0.05
(7, 22) = 0.89
(7, 23) = 0.58
(7, 24) = 0.41
(7, 25) = -0.63
(7, 26) = 0.35
(7, 27) = 0.66
(7, 28) = -0.83
(7, 29) = -1
(7, 30) = 0.4
(7, 31) = 0.28
(7, 32) = 0.97
(7, 33) = 0
(7, 34) = 0.18
(7, 35) = 0.78
(8, 0) = -0.49
(8, 1) = -0.15
(8, 2) = 0.54
(8, 3) = 0.17
(8, 4) = -0.21
(8, 5) = 0.37
(8, 6) = 0.22
(8, 7) = -0.76
(8, 8) = 0.73
(8, 9) = -0.39
(8, 10) = 0.5
(8, 11) = 0.71
(8, 12) = -0.26
(8, 13) = 0.96
(8, 14) = -0.91
(8, 15) = -0.29
(8, 16) = 0.06
(8, 17) = -0.14
(8, 18) = 0.36
(8, 19) = 0.63
(8, 20) = 0.78
(8, 21) = 0.46
(8, 22) = 0.68
(8, 23) = -0.58
(8, 24) = 0.68
(8, 25) = -0.21
(8, 26) = -0.07
(8, 27) = -0.41
(8, 28) = 0.53
(8, 29) = -0.03
(8, 30) = -0.85
(8, 31) = -0.75
(8, 32) = 0.25
(8, 33) = -0.76
(8, 34) = 0.47
(8, 35) = -0.83
(9, 0) = 0.41
(9, 1) = -0.17
(9, 2) = 0.53
(9, 3) = 0.68
(9, 4) = -0.61
(9, 5) = 0.28
(9, 6) = -0.82
(9, 7) = 0.78
(9, 8) = -0.21
(9, 9) = -0.48
(9, 10) = -0.51
(9, 11) = -0.56
(9, 12) = 0.01
(9, 13) = 0.53
(9, 14) = -0.46
(9, 15) = 0.94
(9, 16) = 0.7
(9, 17) = 0.94
(9, 18) = -0.47
(9, 19) = -0.46
(9, 20) = 0.71
(9, 21) = -0.64
(9, 22) = -0.19
(9, 23) = -0.54
(9, 24) = -0.21
(9, 25) = 0.78
(9, 26) = 0.2
(9, 27) = 0.78
(9, 28) = -0.5
(9, 29) = 0.83
(9, 30) = -0.2
(9, 31) = -0.42
(9, 32) = 0.69
(9, 33) = -0.84
(9, 34) = 0.56
(9, 35) = -0.29
(10, 0) = -0.87
(10, 1) = -0.01
(10, 2) = -0.64
(10, 3) = -0.05
(10, 4) = -0.47
(10, 5) = 0.5
(10, 6) = -0.12
(10, 7) = 0.76
(10, 8) = -0.41
(10, 9) = 0.27
(10, 10) = -0.8
(10, 11) = 0.34
(10, 12) = -0.79
(10, 13) = 0.55
(10, 14) = 0.42
(10, 15) = 0.19
(10, 16) = -0.69
(10, 17) = -0.16
(10, 18) = 0.83
(10, 19) = 0.72
(10, 20) = 0.89
(10, 21) = 0.32
(10, 22) = 0.22
(10, 23) = -0.51
(10, 24) = 0.91
(10, 25) = 0.45
(10, 26) = -0.33
(10, 27) = -0.12
(10, 28) = 0.78
(10, 29) = 0.42
(10, 30) = 0.44
(10, 31) = 0.63
(10, 32) = 0.88
(10, 33) = 0.23
(10, 34) = -0.41
(10, 35) = 1
(11, 0) = 0.45
(11, 1) = -0.12
(11, 2) = -0.64
(11, 3) = 0.9
(11, 4) = -0.85
(11, 5) = -0.24
(11, 6) = -0.47
(11, 7) = -0.79
(11, 8) = -0.33
(11, 9) = -0.08
(11, 10) = -0.25
(11, 11) = -0.04
(11, 12) = -0.09
(11, 13) = 0.76
(11, 14) = 0.84
(11, 15) = -0.95
(11, 16) = 0.26
(11, 17) = 0.5
(11, 18) = -0.82
(11, 19) = -0.87
(11, 20) = 0.76
(11, 21) = 0.94
(11, 22) = -0.63
(11, 23) = -0.22
(11, 24) = 0.74
(11, 25) = -0.79
(11, 26) = -0.06
(11, 27) = -0.39
(11, 28) = 0.02
(11, 29) = -0.76
(11, 30) = 0.39
(11, 31) = 0.59
(11, 32) = 0.2
(11, 33) = 0.43
(11, 34) = -0.38
(11, 35) = 0.28
(12, 0) = 0
(12, 1) = -0.84
(12, 2) = -0.77
(12, 3) = 0.2
(12, 4) = -0.37
(12, 5) = -0.9
(12, 6) = -0.7
(12, 7) = 0.9
(12, 8) = -0.78
(12, 9) = -0.02
(12, 10) = 0.95
(12, 11) = -0.05
(12, 12) = 0.34
(12, 13) = -0.38
(12, 14) = -0.12
(12, 15) = -0.66
(12, 16) = 0.51
(12, 17) = -0.28
(12, 18) = 0.14
(12, 19) = 0.73
(12, 20) = -0.09
(12, 21) = 0.22
(12, 22) = -0.77
(12, 23) = 0.03
(12, 24) = -0.4
(12, 25) = 1
(12, 26) = -0.71
(12, 27) = 0.52
(12, 28) = -0.66
(12, 29) = -0.9
(12, 30) = 0.95
(12, 31) = 0.96
(12, 32) = 0.87
(12, 33) = -0.27
(12, 34) = -0.94
(12, 35) = 0.05
(13, 0) = 0.58
(13, 1) = 0.16
(13, 2) = 0.8
(13, 3) = -0.09
(13, 4) = 0.58
(13, 5) = 0.73
(13, 6) = -0.02
(13, 7) = -0.36
(13, 8) = 0.87
(13, 9) = 0.32
(13, 10) = -0.85
(13, 11) = 0.46
(13, 12) = 0.49
(13, 13) = 0.17
(13, 14) = -0.38
(13, 15) = -0.35
(13, 16) = -0.23
(13, 17) = -0.75
(13, 18) = -0.29
(13, 19) = -0.57
(13, 20) = -0.78
(13, 21) = 0.02
(13, 22) = -0.32
(13, 23) = -0.42
(13, 24) = -0.85
(13, 25) = 0.96
(13, 26) = 0.01
(13, 27) = 0.17
(13, 28) = -0.36
(13, 29) = -0.98
(13, 30) = 0.26
(13, 31) = -0.48
(13, 32) = 0.09
(13, 33) = -0.94
(13, 34) = 0.12
(13, 35) = -0.06
(14, 0) = -0.87
(14, 1) = -0.08
(14, 2) = 0.26
(14, 3) = 0.3
(14, 4) = -0.24
(14, 5) = 0.9
(14, 6) = 0.5
(14, 7) = 0.84
(14, 8) = -0.45
(14, 9) = -0.5
(14, 10) = -0.63
(14, 11) = -0.36
(14, 12) = -0.57
(14, 13) = 0.29
(14, 14) = 0.27
(14, 15) = -0.34
(14, 16) = -0.68
(14, 17) = -0.46
(14, 18) = -0.24
(14, 19) = 0.14
(14, 20) = 0.59
(14, 21) = -0.47
(14, 22) = 0.39
(14, 23) = -0.43
(14, 24) = -0.27
(14, 25) = 0.62
(14, 26) = 0.45
(14, 27) = -0.8
(14, 28) = 0.7
(14, 29) = 0.07
(14, 30) = -0.89
(14, 31) = -0.55
(14, 32) = 0.85
(14, 33) = -0.05
(14, 34) = 0.51
(14, 35) = 0.6

Bias Weights:
(0) = 0.25
(1) = 0.52
(2) = 0.07
(3) = 0.27
(4) = -0.79
(5) = 0.65
(6) = -0.53
(7) = 0.9
(8) = -0.88
(9) = 0.81
(10) = 0.02
(11) = -0.18
(12) = -0.05
(13) = 0.33
(14) = 0.58
(15) = -0.79
(16) = 0.48
(17) = -0.12
(18) = 0.35
(19) = 0.77
(20) = 0.79
(21) = 0.41
(22) = -0.79
(23) = -0.94
(24) = -0.77
(25) = 0.63
(26) = -0.69
(27) = -0.93
(28) = -0.84
(29) = 0.61
(30) = 0.05
(31) = 0.58
(32) = -0.1
(33) = -0.44
(34) = 0.42
(35) = -0.04


--------------------------------------------------------
Hidden Layer
--------------------------------------------------------
Weights:
(0, 0) = 0.49
(0, 1) = -0.59
(0, 2) = -0.38
(0, 3) = 0.5
(0, 4) = -0.73
(1, 0) = -0.25
(1, 1) = 0.44
(1, 2) = -0.78
(1, 3) = 0.15
(1, 4) = 0.83
(2, 0) = 0
(2, 1) = -0.19
(2, 2) = 0.16
(2, 3) = -0.43
(2, 4) = -0.75
(3, 0) = 0.46
(3, 1) = 0.12
(3, 2) = -0.75
(3, 3) = 0.76
(3, 4) = -0.75
(4, 0) = 0.25
(4, 1) = 0.96
(4, 2) = -0.88
(4, 3) = -0.65
(4, 4) = -0.47
(5, 0) = 0.09
(5, 1) = 0.49
(5, 2) = 0.88
(5, 3) = -0.73
(5, 4) = 0.46
(6, 0) = -0.54
(6, 1) = -1
(6, 2) = 0.63
(6, 3) = 0.65
(6, 4) = 0.46
(7, 0) = -0.94
(7, 1) = 0.5
(7, 2) = 0.15
(7, 3) = -0.67
(7, 4) = -0.4
(8, 0) = -0.03
(8, 1) = -0.91
(8, 2) = -0.33
(8, 3) = -0.59
(8, 4) = -0.76
(9, 0) = 0.22
(9, 1) = 0.51
(9, 2) = -0.41
(9, 3) = 0.07
(9, 4) = -0.32
(10, 0) = -0.16
(10, 1) = -0.35
(10, 2) = -0.32
(10, 3) = 0
(10, 4) = 0.86
(11, 0) = 0.96
(11, 1) = 0.13
(11, 2) = 0.42
(11, 3) = 0.39
(11, 4) = -0.35
(12, 0) = -0.47
(12, 1) = -0.14
(12, 2) = 0.51
(12, 3) = -0.02
(12, 4) = 0.73
(13, 0) = -0.98
(13, 1) = 0.4
(13, 2) = -0.68
(13, 3) = -0.37
(13, 4) = 0.94
(14, 0) = -0.13
(14, 1) = 0.64
(14, 2) = 0.31
(14, 3) = 0.57
(14, 4) = 0.88
(15, 0) = 0.94
(15, 1) = -0.77
(15, 2) = 0.34
(15, 3) = -0.2
(15, 4) = 0
(16, 0) = -0.07
(16, 1) = 0.73
(16, 2) = -0.25
(16, 3) = -0.71
(16, 4) = 0.85
(17, 0) = 0.59
(17, 1) = 0.72
(17, 2) = -0.29
(17, 3) = -0.14
(17, 4) = 0.86
(18, 0) = 0.29
(18, 1) = 0.63
(18, 2) = 0.18
(18, 3) = 0.72
(18, 4) = 0.46
(19, 0) = -0.06
(19, 1) = 0.4
(19, 2) = -0.93
(19, 3) = 0.88
(19, 4) = -0.21
(20, 0) = 0.59
(20, 1) = 0.06
(20, 2) = -0.76
(20, 3) = -0.37
(20, 4) = 0.66
(21, 0) = 0.15
(21, 1) = -0.11
(21, 2) = 0.46
(21, 3) = -0.25
(21, 4) = 0.29
(22, 0) = -0.41
(22, 1) = -0.46
(22, 2) = 0.89
(22, 3) = 0.34
(22, 4) = -0.68
(23, 0) = 0.15
(23, 1) = -0.85
(23, 2) = -0.91
(23, 3) = 0.38
(23, 4) = -0.14
(24, 0) = 0.78
(24, 1) = 0.83
(24, 2) = 0.65
(24, 3) = -0.59
(24, 4) = -0.25
(25, 0) = 0.03
(25, 1) = -0.86
(25, 2) = -0.55
(25, 3) = 0.93
(25, 4) = 0.55
(26, 0) = 0.49
(26, 1) = 0.55
(26, 2) = 0.6
(26, 3) = -0.07
(26, 4) = -0.21
(27, 0) = 0.76
(27, 1) = -0.31
(27, 2) = 0.79
(27, 3) = -0.89
(27, 4) = -0.92
(28, 0) = -0.17
(28, 1) = -0.64
(28, 2) = 0.73
(28, 3) = -0.64
(28, 4) = -0.16
(29, 0) = -0.62
(29, 1) = -0.33
(29, 2) = -0.3
(29, 3) = 1
(29, 4) = -0.67
(30, 0) = 0.13
(30, 1) = -0.68
(30, 2) = 0.66
(30, 3) = 0.85
(30, 4) = -0.56
(31, 0) = -0.38
(31, 1) = 0.73
(31, 2) = -0.85
(31, 3) = -0.8
(31, 4) = 0.7
(32, 0) = 0.75
(32, 1) = 0.8
(32, 2) = -0.72
(32, 3) = 0.39
(32, 4) = 0.61
(33, 0) = 0.44
(33, 1) = 0.65
(33, 2) = 0.71
(33, 3) = -0.53
(33, 4) = -0.04
(34, 0) = 0.12
(34, 1) = 0.21
(34, 2) = -0.98
(34, 3) = -0.67
(34, 4) = 0.61
(35, 0) = -0.51
(35, 1) = -0.31
(35, 2) = 0.63
(35, 3) = 0.69
(35, 4) = -0.03

Bias Weights:
(0) = 0.03
(1) = 0.84
(2) = 0.16
(3) = -0.75
(4) = 0.02


--------------------------------------------------------
Output Layer
--------------------------------------------------------
Node Values:
(0) = 0
(1) = 0
(2) = 0
(3) = 0
(4) = 0

